
*******************************************  Drifts coefficients *******************************************

Age = 0.029080759902991193
Balance = 0.015644866612772867
HasCrCard = 0.012770008084074469
CreditScore = 0.00943322554567505
Geography = 0.008717299919159371
NumOfProducts = 0.008267178658043717
EstimatedSalary = 0.0074615198059821974
Tenure = 0.006650606305578011
Gender = 0.006088035569927097
IsActiveMember = 0.0033168148746967052
